key,value
xpak_read,mp_common
xpak_read,initial
xpak_read,tu0_initial
xpak_read,tu1_initial
xpak_read,tu2_initial
xpak_read,tu3_initial
xpak_read,tu4_initial
xpak_read,tu5_initial
xpak_read,tu6_initial
xpak_read,tu7_initial
xpak_read,tu8_initial
xpak_read,tu9_initial
xpak_read,tu10_initial
xpak_read,tu11_initial
xpak_read,tu12_initial
xpak_read,tu13_initial
xpak_read,tu14_initial
xpak_read,tu15_initial
xpak_read,tu16_initial
xpak_read,tu17_initial
xpak_read,tu18_initial
xpak_read,tu19_initial
xpak_read,tu20_initial
xpak_read,tu21_initial
xpak_read,tu22_initial
xpak_read,tu23_initial
xpak_read,nightly_3375275_initial
xpak_read,nightly_3375275_base
xpak_read,base
xpak_read,mp_initial
xpak_read,gersafe_mp_common
xpak_read,core_bootstrap
xpak_read,core_ui
xpak_read,core_common
xpak_read,gersafe_core_bootstrap
xpak_read,gersafe_core_ui
xpak_read,gersafe_core_common
hash_20b4e,gersafe_mp_common