key,value
xpak_read,mp_firingrange2_alt
xpak_read,core_bootstrap
xpak_read,core_ui
xpak_read,core_common
xpak_read,mp_common
xpak_read,mp_common_script
xpak_read,initial
xpak_read,tu0
xpak_read,tu0_initial
xpak_read,tu1
xpak_read,tu1_initial
xpak_read,tu2
xpak_read,tu2_initial
xpak_read,tu3
xpak_read,tu3_initial
xpak_read,tu4
xpak_read,tu4_initial
xpak_read,tu5
xpak_read,tu5_initial
xpak_read,tu6
xpak_read,tu6_initial
xpak_read,tu7
xpak_read,tu7_initial
xpak_read,tu8
xpak_read,tu8_initial
xpak_read,tu9
xpak_read,tu9_initial
xpak_read,tu10
xpak_read,tu10_initial
xpak_read,tu11
xpak_read,tu11_initial
xpak_read,tu12
xpak_read,tu12_initial
xpak_read,tu13
xpak_read,tu13_initial
xpak_read,tu14
xpak_read,tu14_initial
xpak_read,tu15
xpak_read,tu15_initial
xpak_read,tu16
xpak_read,tu16_initial
xpak_read,tu17
xpak_read,tu17_initial
xpak_read,tu18
xpak_read,tu18_initial
xpak_read,tu19
xpak_read,tu19_initial
xpak_read,tu20
xpak_read,tu20_initial
xpak_read,tu21
xpak_read,tu21_initial
xpak_read,tu22
xpak_read,tu22_initial
xpak_read,tu23
xpak_read,tu23_initial
xpak_read,nightly_3375275_initial
xpak_read,nightly_3375275_base
xpak_read,base
xpak_read,mp_initial
xpak_read,mp_firingrange2_alt_d
xpak_read,fr_mp_firingrange2_alt
xpak_read,fr_mp_firingrange2_alt_d
xpak_read,core_bootstrap_d
xpak_read,fr_core_bootstrap
xpak_read,fr_core_bootstrap_d
xpak_read,core_ui_d
xpak_read,fr_core_ui
xpak_read,fr_core_ui_d
xpak_read,core_common_d
xpak_read,fr_core_common
xpak_read,fr_core_common_d
xpak_read,mp_common_d
xpak_read,fr_mp_common
xpak_read,fr_mp_common_d
xpak_read,mp_common_script_d
xpak_read,fr_mp_common_script
xpak_read,fr_mp_common_script_d
xpak_read,initial_d
xpak_read,fr_initial
xpak_read,fr_initial_d
xpak_read,tu0_d
xpak_read,fr_tu0
xpak_read,fr_tu0_d
xpak_read,tu0_initial_d
xpak_read,fr_tu0_initial
xpak_read,fr_tu0_initial_d
xpak_read,tu1_d
xpak_read,fr_tu1
xpak_read,fr_tu1_d
xpak_read,tu1_initial_d
xpak_read,fr_tu1_initial
xpak_read,fr_tu1_initial_d
xpak_read,tu2_d
xpak_read,fr_tu2
xpak_read,fr_tu2_d
xpak_read,tu2_initial_d
xpak_read,fr_tu2_initial
xpak_read,fr_tu2_initial_d
xpak_read,tu3_d
xpak_read,fr_tu3
xpak_read,fr_tu3_d
xpak_read,tu3_initial_d
xpak_read,fr_tu3_initial
xpak_read,fr_tu3_initial_d
xpak_read,tu4_d
xpak_read,fr_tu4
xpak_read,fr_tu4_d
xpak_read,tu4_initial_d
xpak_read,fr_tu4_initial
xpak_read,fr_tu4_initial_d
xpak_read,tu5_d
xpak_read,fr_tu5
xpak_read,fr_tu5_d
xpak_read,tu5_initial_d
xpak_read,fr_tu5_initial
xpak_read,fr_tu5_initial_d
xpak_read,tu6_d
xpak_read,fr_tu6
xpak_read,fr_tu6_d
xpak_read,tu6_initial_d
xpak_read,fr_tu6_initial
xpak_read,fr_tu6_initial_d
xpak_read,tu7_d
xpak_read,fr_tu7
xpak_read,fr_tu7_d
xpak_read,tu7_initial_d
xpak_read,fr_tu7_initial
xpak_read,fr_tu7_initial_d
xpak_read,tu8_d
xpak_read,fr_tu8
xpak_read,fr_tu8_d
xpak_read,tu8_initial_d
xpak_read,fr_tu8_initial
xpak_read,fr_tu8_initial_d
xpak_read,tu9_d
xpak_read,fr_tu9
xpak_read,fr_tu9_d
xpak_read,tu9_initial_d
xpak_read,fr_tu9_initial
xpak_read,fr_tu9_initial_d
xpak_read,tu10_d
xpak_read,fr_tu10
xpak_read,fr_tu10_d
xpak_read,tu10_initial_d
xpak_read,fr_tu10_initial
xpak_read,fr_tu10_initial_d
xpak_read,tu11_d
xpak_read,fr_tu11
xpak_read,fr_tu11_d
xpak_read,tu11_initial_d
xpak_read,fr_tu11_initial
xpak_read,fr_tu11_initial_d
xpak_read,tu12_d
xpak_read,fr_tu12
xpak_read,fr_tu12_d
xpak_read,tu12_initial_d
xpak_read,fr_tu12_initial
xpak_read,fr_tu12_initial_d
xpak_read,tu13_d
xpak_read,fr_tu13
xpak_read,fr_tu13_d
xpak_read,tu13_initial_d
xpak_read,fr_tu13_initial
xpak_read,fr_tu13_initial_d
xpak_read,tu14_d
xpak_read,fr_tu14
xpak_read,fr_tu14_d
xpak_read,tu14_initial_d
xpak_read,fr_tu14_initial
xpak_read,fr_tu14_initial_d
xpak_read,tu15_d
xpak_read,fr_tu15
xpak_read,fr_tu15_d
xpak_read,tu15_initial_d
xpak_read,fr_tu15_initial
xpak_read,fr_tu15_initial_d
xpak_read,tu16_d
xpak_read,fr_tu16
xpak_read,fr_tu16_d
xpak_read,tu16_initial_d
xpak_read,fr_tu16_initial
xpak_read,fr_tu16_initial_d
xpak_read,tu17_d
xpak_read,fr_tu17
xpak_read,fr_tu17_d
xpak_read,tu17_initial_d
xpak_read,fr_tu17_initial
xpak_read,fr_tu17_initial_d
xpak_read,tu18_d
xpak_read,fr_tu18
xpak_read,fr_tu18_d
xpak_read,tu18_initial_d
xpak_read,fr_tu18_initial
xpak_read,fr_tu18_initial_d
xpak_read,tu19_d
xpak_read,fr_tu19
xpak_read,fr_tu19_d
xpak_read,tu19_initial_d
xpak_read,fr_tu19_initial
xpak_read,fr_tu19_initial_d
xpak_read,tu20_d
xpak_read,fr_tu20
xpak_read,fr_tu20_d
xpak_read,tu20_initial_d
xpak_read,fr_tu20_initial
xpak_read,fr_tu20_initial_d
xpak_read,tu21_d
xpak_read,fr_tu21
xpak_read,fr_tu21_d
xpak_read,tu21_initial_d
xpak_read,fr_tu21_initial
xpak_read,fr_tu21_initial_d
xpak_read,tu22_d
xpak_read,fr_tu22
xpak_read,fr_tu22_d
xpak_read,tu22_initial_d
xpak_read,fr_tu22_initial
xpak_read,fr_tu22_initial_d
xpak_read,tu23_d
xpak_read,fr_tu23
xpak_read,fr_tu23_d
xpak_read,tu23_initial_d
xpak_read,fr_tu23_initial
xpak_read,fr_tu23_initial_d
xpak_read,nightly_3375275_initial_d
xpak_read,fr_nightly_3375275_initial
xpak_read,fr_nightly_3375275_initial_d
xpak_read,nightly_3375275_base_d
xpak_read,fr_nightly_3375275_base
xpak_read,fr_nightly_3375275_base_d
xpak_read,base_d
xpak_read,fr_base
xpak_read,fr_base_d
xpak_read,mp_initial_d
xpak_read,fr_mp_initial
xpak_read,fr_mp_initial_d
hash_20b4e,mp_firingrange2_alt
forced_model_lods,6
force_view_models,1
force_static_models,1
force_world_materials,1
force_character_models,1