type,name
model,#p8_fxanim_mp_silo_sign_post_04_mod
model,#hash_a65968d3e0ecf4
model,#hash_2a25d6c70fb5c6b
model,#hash_2a26b6c70fb7435
model,#hash_2ca5d6c711cae7f
model,#hash_2ca736c711cd3e1
model,#p8_ice_catwalk_elevator_warning_decal_stripe_01
model,#hash_3f3a53ac94318f9
model,#p8_ice_catwalk_elevator_snow_decal_01
model,#p8_mp_bomb_crate_palette
model,#p8_fxanim_mp_silo_satelite_01_mod
model,#p7_fxanim_gp_wire_sparking_med_thick_mod
model,#p7_street_safety_cone
model,#hash_81225b5a795212c
model,#hash_9495429cd98b769
model,#p8_box_electric_commercial_lrg_01_allstates
model,#veh_t8_mil_truck_hemtt_flatbed_attach_dirty_tan
model,#p8_mp_bomb_stack
model,#p8_ice_icbm_beam_brace_06_decals
model,#p7_fxp_debris_metal_scrap_01
model,#p7_fxp_debris_metal_scrap_02
model,#hash_d66c3dc63cb52ce
model,#p7_book_office_lrg_red
model,#hash_f73c7901809f3db
model,#hash_fc017323380306d
model,#veh_t8_civ_forklift_modular_manned_forklift_dirty_yellow_dest
model,#veh_t8_mil_truck_hemtt_tire_tan
model,#p8_ice_hangar_gate_right_half_02
model,#veh_t8_mil_truck_hemtt_cab_decals_attach
model,#hash_165681e2c5365943
model,#veh_t8_civ_snowcat
model,#hash_17236cba57074f30
model,#hash_190a7b14b043c858
model,#c_t7_mp_battery_mpc_fb1_skin1
model,#p8_fxp_fluid_splash_water
model,#hash_1ac4e62cf9ec88d1
model,#p8_icbm_stage1_tarp_back_01
model,#hash_1b4ab0edf0d44911
model,#hash_1c2d308a24484317
model,#hash_1cbef0af57300236
model,#p7_mp_bomb_stack_destroyed
model,#p8_ice_catwalk_elevator
model,#hash_21472795aa002260
model,#hash_224c80d44344d740
model,#p8_mp_bomb_crate_open
model,#p8_mp_bomb_crate_single
model,#veh_t8_mil_truck_hemtt_tire
model,#hash_295a9ea8446e3b81
model,#p8_sil_icbm_conveyor_warhead
model,#p8_zm_zod_ice_chunk_sml_01
model,#hash_2b32878ccf56b4ed
model,#hash_2b724c72d293cf73
model,#p7_book_office_binder_open
model,#hash_2c0b493874dab807
model,#hash_2d14f5f5f3845bf3
model,#hash_2dc920f39cf4a19e
model,#hash_2ef77ddaf76cd3df
model,#hash_2f47e15a25e98374
model,#p7_fxanim_gp_wire_sparking_ground_01_mod
model,#p8_ice_icbm_beam_brace_top_gap_01
model,#p8_icbm_stage1_tarp_back_strap_01
model,#p7_construction_hardhat
model,#hash_32f231d55038ba96
model,#p8_mp_flag_base_light_fixture_1
model,#hash_382640d2f0177d51
model,#p7_water_container_plastic_small_yellow
model,#collision_clip_256x256x256
model,#hash_39e7c050335fe7c3
model,#p8_icbm_stage1_front_hatch_01
model,#p7_toolbox_handheld_small_red
model,#p8_ice_icbm_warhead_frame
model,#c_t7_mp_technomancer_mpc_fb1_skin1
model,#hash_3f8913d5fd79e90d
model,#p8_fxanim_mp_silo_sign_post_03_mod
model,#p7_sin_signage_speed_limit_20
model,#c_t7_mp_warrior_mpc_fb1_skin1
model,#p8_fxanim_mp_silo_rocks_fall_01_smod
model,#p8_fxanim_mp_silo_conveyer_crane_02_mod
model,#hash_46d728c3c864cabf
model,#hash_47ff3ba332a8738c
model,#p8_ice_icbm_stage1_frame
model,#p8_mp_bomb_crate_whole_destroyed
model,#p8_fxanim_mp_silo_netting_orange_06_mod
model,#hash_4c9e18c109ce14a0
model,#p8_fxanim_mp_silo_rocks_fall_03_smod
model,#skybox_default_day
model,#hash_50d1de5021443b6b
model,#veh_t8_civ_forklift_modular_cab_decal_attach
model,#p8_wz_supply_stash_health
model,#wpn_t8_eqp_briefcase_bomb_stow
model,#veh_t8_civ_snowcat_plow
model,#veh_t8_civ_snowcat_dest
model,#p8_mp_flag_pole_1
model,#p7_clipboard_01_wpaper
model,#p8_mp_flag_base_1
model,#p8_mp_bomb_crate_brace
model,#p7_cup_coffee_mug
model,#p8_ice_catwalk_elevator_warning_decal_stripe_solid_01
model,#hash_58bec2a5c9707687
model,#hash_58f38cb5e7d46a62
model,#hash_5920d6a3c30782aa
model,#hash_5ace51ff9f6313a5
model,#p8_ice_icbm_warhead_tip
model,#hash_5ce99c9fec240fdc
model,#hash_5d4479c47c3d1961
model,#p8_fxanim_mp_silo_sign_post_01_mod
model,#p8_panel_debris_metal_01
model,#p8_panel_debris_metal_03
model,#p8_panel_debris_metal_02
model,#hash_60245facc921e979
model,#p7_fxp_debris_car_glass_shatter_02
model,#p7_fxp_debris_car_glass_shatter_03
model,#p7_fxp_debris_car_glass_shatter_01
model,#p8_ice_icbm_beam_brace_06
model,#p8_ice_signage_triangle_avalanche_01
model,#veh_t8_civ_forklift_modular_forklift_decal_attach
model,#hash_63140a04809445f3
model,#hash_63140b04809447a6
model,#hash_63140c0480944959
model,#p8_fxanim_mp_silo_conveyer_crane_01_mod
model,#p8_fxanim_mp_silo_sign_post_02_mod
model,#hash_665a396b9d7a0bfb
model,#p8_ice_signage_triangle_rocks_01
model,#p8_fxanim_mp_silo_netting_orange_04_mod
model,#p7_bucket_plastic_5_gal_closed_white
model,#p8_panel_debris_metal_03b
model,#p8_panel_debris_metal_02b
model,#p8_fxanim_mp_silo_rocks_fall_02_smod
model,#p8_fxanim_mp_silo_netting_orange_03_mod
model,#p7_ris_bucket_plastic_5_gal_bucket_paint_grey
model,#p8_ice_catwalk_elevator_warning_decal_01
model,#hash_6d63d6a30032fd1f
model,#p8_mp_bomb_crate_clamp
model,#p8_ice_icbm_stage2_frame
model,#p8_fxanim_mp_silo_netting_orange_05_mod
model,#p8_fire_extinguisher_01
model,#p8_fxanim_mp_silo_missle_deploy_mod
model,#p8_construction_hardhat
model,#p8_fire_extinguisher_01_dmg_01
model,#hash_7230ab162fdb67dc
model,#hash_739e8673a6c3a693
model,#p8_fxanim_mp_silo_netting_orange_01_mod
model,#p8_truss_frame_modular_01_section_128
model,#hash_74799568185876d7
model,#p7_toolbox_handheld_small_blue
model,#p7_mp_flag_neutral
model,#collision_clip_64x64x256
model,#veh_t8_civ_forklift_modular_manned_forklift_dirty_yellow
model,#veh_t8_mil_truck_hemtt_dead_decals_attach
model,#p8_box_electric_commercial_lrg_01
model,#p8_mp_flag_base_boots_1
model,#p8_wz_supply_stash_ammo
model,#p8_ice_hangar_gate_left_half_02
model,#hash_7bf2476ec51bf3d6
model,#p8_mp_bomb_crate_whole
model,#hash_7e8331a1d829aee6
model,#p8_chi_satellite_roof
model,#hash_7fc5b065203d7f41
model,#veh_t8_civ_forklift_modular_base_decal_attach
rumble,#mp_silo_globe_explosion
xcam,#ui_cam_draft_common
xcam,#ui_cam_draft_common_zoom
xcam,#ui_cam_mp_endgame_common
xcam,#ui_cam_endgame_mp_apartments
destructible,#hash_6ba61da1ac699ce
destructible,#destructible_veh_t8_civ_forklift_manned_forklift_dirty_yellow
destructible,#hash_2fef1112c810959b
destructible,#p8_box_electric_commercial_lrg_01_ddef
xanim,#p8_fxanim_mp_silo_conveyer_crane_01_anim
xanim,#hash_990ed6a77c7d9ea
xanim,#pb_rifle_endgame_2ndplace_idle
xanim,#hash_d960467d1e8a00f
xanim,#hash_db61c3924c60c89
xanim,#pb_rifle_endgame_3rdplace_idle
xanim,#hash_1bf3c49b5851cd71
xanim,#hash_23a5d69e5c512c93
xanim,#pb_hacking_in
xanim,#p8_fxanim_mp_silo_sign_post_02_anim
xanim,#p8_fxanim_mp_silo_sign_post_03_anim
xanim,#p8_fxanim_mp_silo_conveyer_crane_02_anim
xanim,#pb_rifle_endgame_1stplace_idle
xanim,#p7_fxanim_gp_wire_sparking_ground_01_anim
xanim,#hash_55113eeed8e93684
xanim,#p8_fxanim_mp_silo_satelite_01_anim
xanim,#o_veh_t7_civ_sedan_midsize_police_explode
xanim,#p8_fxanim_mp_silo_missle_deploy_anim
xanim,#hash_682ad2b32ad706aa
xanim,#p7_fxanim_gp_wire_sparking_med_thick_s1_anim
xanim,#hash_758d0bfc0cbb93d5
sanim,#p8_fxanim_mp_silo_rocks_fall_02_sanim
sanim,#p8_fxanim_mp_silo_rocks_fall_01_sanim
sanim,#p8_fxanim_mp_silo_rocks_fall_03_sanim
scriptbundle,#p8_fxanim_mp_silo_sign_post_04_bundle
scriptbundle,#p8_fxanim_mp_silo_netting_orange_04_bundle
scriptbundle,#sb_mp_endgame_player_06
scriptbundle,#sb_mp_endgame_player_05
scriptbundle,#sb_mp_endgame_player_04
scriptbundle,#sb_mp_endgame_player_03
scriptbundle,#sb_mp_endgame_player_02
scriptbundle,#p8_fxanim_mp_silo_rocks_fall_02_bundle
scriptbundle,#scene_mp_endgame_player_00
scriptbundle,#scene_mp_endgame_player_01
scriptbundle,#scene_mp_endgame_player_02
scriptbundle,#scene_mp_endgame_player_03
scriptbundle,#scene_mp_endgame_player_04
scriptbundle,#scene_mp_endgame_player_05
scriptbundle,#p8_fxanim_mp_silo_sign_post_02_bundle
scriptbundle,#p8_fxanim_mp_silo_missle_deploy_bundle
scriptbundle,#p8_fxanim_mp_silo_helicopter_crash_bundle
scriptbundle,#sb_mp_draft_common_axis
scriptbundle,#p8_fxanim_mp_silo_sign_post_01_bundle
scriptbundle,#mp_gameobject_interact
scriptbundle,#p8_fxanim_mp_silo_rocks_fall_03_bundle
scriptbundle,#p8_fxanim_mp_silo_conveyer_crane_02_bundle
scriptbundle,#p8_fxanim_mp_silo_netting_orange_03_bundle
scriptbundle,#p8_fxanim_mp_silo_sign_post_03_bundle
scriptbundle,#p8_fxanim_mp_silo_conveyer_crane_01_bundle
scriptbundle,#sb_mp_draft_common_allies
scriptbundle,#gameobject_mp_silo_elevator_call_button
scriptbundle,#p8_fxanim_gp_wire_sparking_ground_01_bundle
scriptbundle,#p8_fxanim_mp_silo_rocks_fall_01_bundle
scriptbundle,#p8_fxanim_mp_silo_netting_orange_01_bundle
scriptbundle,#p7_fxanim_gp_wire_sparking_med_thick_sbundle
scriptbundle,#p8_fxanim_mp_silo_netting_orange_05_bundle
scriptbundle,#p8_fxanim_mp_silo_satelite_01_bundle
scriptbundle,#p8_fxanim_mp_silo_netting_orange_06_bundle
menu,#elevator
string,#objectives_coop_waypoint_hack
eventstring,#floor
objective,#hash_4a72ffa3664320bc
objective,#mp_interact
radiant_exploder,#fxexp_alarm_lights
radiant_exploder,#exp_lgt_draft
radiant_exploder,#hash_9edd8ddde0df571
radiant_exploder,#fxexp_globe_fire
radiant_exploder,#fxexp_catwalk_on
radiant_exploder,#fxexp_globe_explosion
radiant_exploder,#fxexp_catwalk_off
radiant_exploder,#hash_5102d98676cc734f
radiant_exploder,#hash_70f58223cb9fc4ec
soundalias,#hash_1aefe9968f8ced
soundalias,#hash_9c60a4b93776bb
soundalias,#hash_e3f4e729217e70
soundalias,#hash_16813c3c0ec367d
soundalias,#hash_1ef673fcdb4c426
soundalias,#hash_238170c19d279f5
soundalias,#hash_2904437d186593d
soundalias,#hash_30f768616c78427
soundalias,#hash_31f777916298d72
soundalias,#hash_34186a2648d3bd3
soundalias,#dst_typewriter
soundalias,#hash_4049cea29ca612c
soundalias,#hash_419e84642ebe554
soundalias,#hash_4638d1437766933
soundalias,#hash_4cb8367901ce1cc
soundalias,#hash_4f12c14c8757b7a
soundalias,#hash_62332d89ae65200
soundalias,#hash_6799f17d17bd52a
soundalias,#hash_679a117d17bd890
soundalias,#hash_82d8fc262fa2602
soundalias,#hash_863ef74cb3621ca
soundalias,#hash_8ef0ca7881f8aab
soundalias,#hash_95a82c33a3d6345
soundalias,#hash_a701893a7d70ea0
soundalias,#hash_a703693a7d7419a
soundalias,#hash_aba5ed6b60d87b2
soundalias,#vox_tvoi_tutor_ruin_final_1_hell_1
soundalias,#vox_tvoi_tutor_ruin_final_1_hell_0
soundalias,#hash_bce4c947d361ec7
soundalias,#hash_bd53719309b6fc1
soundalias,#hash_c266934b6e24701
soundalias,#hash_c4a4d3584e7ac22
soundalias,#exp_concussive_large
soundalias,#hash_d76aadb39668a12
soundalias,#hash_da9b897f42c4253
soundalias,#hash_da9bb97f42c476c
soundalias,#hash_da9bc97f42c491f
soundalias,#hash_da9bd97f42c4ad2
soundalias,#hash_da9be97f42c4c85
soundalias,#amb_silo_elev_loop
soundalias,#amb_sign
soundalias,#hash_ed48b121a56b336
soundalias,#hash_f7960ad68ff0bbf
soundalias,#hash_fd5a0a07bb1c8df
soundalias,#hash_101aa41260505836
soundalias,#amb_heli_crash
soundalias,#hash_117fec069331ef40
soundalias,#hash_1197b99d88c6c0bb
soundalias,#hash_1222e1a3c005eeeb
soundalias,#hash_1222e2a3c005f09e
soundalias,#hash_1222e3a3c005f251
soundalias,#hash_1269ca0d374cbd29
soundalias,#hash_12b24433ad0bb1f0
soundalias,#hash_12de030885e70363
soundalias,#hash_1358357952f89d8d
soundalias,#hash_138907dd04985077
soundalias,#hash_13ff54f31624000a
soundalias,#hash_145cde2b6c792844
soundalias,#hash_145cdf2b6c7929f7
soundalias,#hash_145ce02b6c792baa
soundalias,#hash_145ce12b6c792d5d
soundalias,#hash_1495d0595aaccf04
soundalias,#hash_1519e3326638cc63
soundalias,#hash_15db595c9d44e107
soundalias,#hash_160dd4ed10b7c189
soundalias,#hash_169b82c7c6db3b84
soundalias,#hash_16f1e65bdae2b01d
soundalias,#hash_17cbfbe10c912709
soundalias,#hash_18130cfc22351f13
soundalias,#hash_184f088a2fd72721
soundalias,#hash_1882eb6e5e09792c
soundalias,#hash_18ced42f79f0d264
soundalias,#hash_1952e9bdc542bec4
soundalias,#amb_servers
soundalias,#exp_barrel
soundalias,#hash_1a6485b96677518d
soundalias,#hash_1a9b250db2cd658a
soundalias,#hash_1b27529a48455c01
soundalias,#hash_1bd285662c47cf8d
soundalias,#hash_1c420a8cfa8d8479
soundalias,#hash_1ce2ee8fafd2e832
soundalias,#fly_step_gondola_exit
soundalias,#hash_1e3fe7dc6b3e5eff
soundalias,#hash_1e8e72d3d951929e
soundalias,#hash_1ec308916f5b6e67
soundalias,#hash_1f61a8b39fda8c78
soundalias,#hash_1f9b1d980061ea0e
soundalias,#dst_fern
soundalias,#hash_200e28bcd26bab77
soundalias,#hash_200e2ebcd26bb5a9
soundalias,#hash_2034803f68e04e35
soundalias,#hash_203763560dfa6472
soundalias,#fly_step_stair_metal_exit
soundalias,#hash_218518744c18e1be
soundalias,#hash_218d84c0c56766bf
soundalias,#vox_tvoi_tutor_ruin_final_3_comp_1
soundalias,#vox_tvoi_tutor_ruin_final_3_comp_0
soundalias,#hash_2225a6f916f95714
soundalias,#hash_223da4e8f443df4b
soundalias,#hash_224856c54164e3bc
soundalias,#hash_224eb55f26cccaac
soundalias,#hash_22d01da9a5078de7
soundalias,#hash_24341b2153efa720
soundalias,#hash_2490540890082fde
soundalias,#amb_comp_1
soundalias,#amb_comp_2
soundalias,#hash_2559f028a2274178
soundalias,#hash_2559f228a22744de
soundalias,#hash_2559f328a2274691
soundalias,#hash_25a264b901d17919
soundalias,#fly_step_stair_metal_enter
soundalias,#hash_26bf012beaa38162
soundalias,#hash_26bf15e2f58ce012
soundalias,#hash_271fdedb26bc021c
soundalias,#hash_273c1ce675562cf7
soundalias,#hash_2774943be9e5dbd9
soundalias,#dst_paper
soundalias,#hash_2a24ce3a41b0df92
soundalias,#vox_tvoi_tutor_ruin_final_2_score_success
soundalias,#hash_2b68aaadb513d82b
soundalias,#hash_2b68b8adb513eff5
soundalias,#hash_2bb2f28904deff17
soundalias,#vox_tvoi_tutor_ruin_final_1_hell_5_sec
soundalias,#hash_2ca6411fde5a8e5f
soundalias,#hash_2ca6571fde5ab3c1
soundalias,#hash_2cbd1a72d59eecdd
soundalias,#hash_2ce5e8e291cc8524
soundalias,#vox_tvoi_tutor_ruin_slide_3_miss_nag
soundalias,#hash_2d9238cee350b90c
soundalias,#hash_2d9239cee350babf
soundalias,#hash_2d923acee350bc72
soundalias,#hash_2e25f1d6ca55e5d9
soundalias,#hash_2e887c70bfe4df2a
soundalias,#hash_2ea8f3ac3b7c1608
soundalias,#hash_2ec3de3874855810
soundalias,#hash_2ec8a5809ee7ec98
soundalias,#hash_2f095673f11faa44
soundalias,#hash_2f81dbcc3010ce32
soundalias,#hash_2fc9b1cdafb1c5db
soundalias,#hash_303a62e9feb361dc
soundalias,#hash_3060ca18584fade9
soundalias,#hash_308f5ce9fefb97a9
soundalias,#hash_309718e22f6a0514
soundalias,#amb_water_drip
soundalias,#hash_30d01d1a444a7530
soundalias,#hash_310e1517e8130d26
soundalias,#hash_325e473708ad9f42
soundalias,#hash_334d4d52ba5fa940
soundalias,#hash_338c13a4f145a64d
soundalias,#hash_33e5e9083374ad6c
soundalias,#hash_342bc6abf5c2e001
soundalias,#hash_344ec28fee2dea4c
soundalias,#amb_ac
soundalias,#hash_3475b72fd2075545
soundalias,#hash_354a10fe1f24ce2d
soundalias,#hash_35637dbe6a493bfe
soundalias,#hash_358280be0b200bd1
soundalias,#hash_360ec7142641aacb
soundalias,#vox_tvoi_tutor_ruin_grapple_first
soundalias,#hash_36506c51f445c11f
soundalias,#hash_36794b821becda02
soundalias,#hash_368d93142ae0e4c7
soundalias,#hash_36e56edaa1c9c2d8
soundalias,#hash_380616a41ce8d365
soundalias,#hash_385714968632733a
soundalias,#hash_3934bdfeb261556c
soundalias,#hash_3adf657f35d564fa
soundalias,#hash_3b66638c6f40e4d3
soundalias,#hash_3b66818c6f4117cd
soundalias,#hash_3b6983b084cfef53
soundalias,#hash_3c9d4e83f2a8c9cd
soundalias,#hash_3ca0f0298d34aa6a
soundalias,#hash_3cdfe8dcc5db6bfa
soundalias,#hash_3cf59cd437fa67f8
soundalias,#hash_3d67cbb26df49c64
soundalias,#hash_3dbfa6bf28cd58d5
soundalias,#hash_3e5a4dbc35d1e68a
soundalias,#hash_3e65fd5b6012894a
soundalias,#hash_3e8d3aaeefef07ac
soundalias,#hash_3e8d50aeefef2d0e
soundalias,#hash_3eeefdf762713cfa
soundalias,#hash_3f1763fd45ec2295
soundalias,#amb_generator
soundalias,#hash_4167076cd5ad90b1
soundalias,#vox_tvoi_tutor_ruin_final_1_hell_fail
soundalias,#hash_4218b15834df0b26
soundalias,#hash_424dcee576052726
soundalias,#hash_424de8e576055354
soundalias,#hash_4256405c5f6bfc9e
soundalias,#hash_436a4f77c54e7912
soundalias,#hash_438b930b61d96f77
soundalias,#hash_438dac17f69b90a2
soundalias,#fly_step_glass
soundalias,#hash_43fb20713e410a4d
soundalias,#hash_44069d90346db0b3
soundalias,#hash_44a0461092ffb316
soundalias,#hash_44d925def0cc9c79
soundalias,#hash_4502191ac8ccdaa5
soundalias,#hash_456af38afaef9d77
soundalias,#hash_456af98afaefa7a9
soundalias,#hash_45872dbc96f29298
soundalias,#hash_45a4e1bd38393752
soundalias,#hash_45ec7508c1aa46b1
soundalias,#hash_47a7dd1007c11019
soundalias,#hash_487be9ed2cd7cdc8
soundalias,#exp_barrel_fire
soundalias,#hash_490033933ad1f12f
soundalias,#hash_4963815a54e65e23
soundalias,#hash_499a124f56b6f71b
soundalias,#hash_4a7cec89bf117a33
soundalias,#hash_4a9fb6e1d5d277b9
soundalias,#hash_4aa90fc58478c29b
soundalias,#hash_4af7cc2cea011aad
soundalias,#hash_4b4560fa80837d55
soundalias,#hash_4b9c2475d7229c61
soundalias,#hash_4c17282e41a38373
soundalias,#hash_4c4fd2c61d8d648a
soundalias,#hash_4c4fd4c61d8d67f0
soundalias,#amb_silo_elev_stop
soundalias,#hash_4ca3d2aaa573f1c8
soundalias,#hash_4d03aca15be68283
soundalias,#hash_4d22bab8017dd52f
soundalias,#hash_4d4bbcb801a0dda9
soundalias,#hash_4d61c9655cf99837
soundalias,#hash_4d86b2d0f91a4ee7
soundalias,#vox_tvoi_tutor_ruin_final_3_active
soundalias,#hash_4e137d178056ca28
soundalias,#hash_4e33f0298dd7ed69
soundalias,#hash_4ec5a3e02263fc0e
soundalias,#hash_4f144f62eda9d260
soundalias,#hash_4f8c480d8e8f07b6
soundalias,#hash_4fce9427097656c3
soundalias,#hash_4ff60fe70fad2082
soundalias,#dst_glass_pane
soundalias,#hash_50cf1563b54b43f6
soundalias,#hash_510bdf2b87f3ea1d
soundalias,#hash_5160cc87009d52ed
soundalias,#hash_51abdd1a9bf25a61
soundalias,#vox_tvoi_tutor_ruin_final_3_miss_nag
soundalias,#hash_5241882a79fff7a3
soundalias,#hash_5290e69e5616b714
soundalias,#dst_server
soundalias,#hash_53b94f368a6a4748
soundalias,#hash_53cc3dd3d1a40243
soundalias,#hash_542ec41578af3e43
soundalias,#hash_54538dea28a0400e
soundalias,#hash_54600f7468958ce3
soundalias,#hash_547104dd82ba9c7c
soundalias,#hash_54ccaf2374905df9
soundalias,#hash_54f9bb5621f71d07
soundalias,#hash_551ccfe857feffe7
soundalias,#dst_wood
soundalias,#hash_5678dfb8eb99a40e
soundalias,#hash_58218bc4f7624185
soundalias,#hash_58e24f4b7ee415d9
soundalias,#vox_tvoi_tutor_ruin_slide_3_nag
soundalias,#hash_58fcf7a3669ca93f
soundalias,#hash_590af2579c464fda
soundalias,#hash_5911058078e41f79
soundalias,#hash_5977d1f5f8457ae5
soundalias,#amb_silo_elev_start
soundalias,#hash_59e128a5a58e7d49
soundalias,#vox_tvoi_tutor_ruin_final_2_score_fail
soundalias,#hash_5aebbc03bd94bd58
soundalias,#hash_5b18895703fba823
soundalias,#hash_5b2712109b7b2318
soundalias,#hash_5b5d0e67c121d845
soundalias,#hash_5c0a0961ebbe013f
soundalias,#hash_5c0f0a85eb2068e4
soundalias,#hash_5c825107aa4350ed
soundalias,#hash_5ca8d4adbb8576c5
soundalias,#hash_5ce2ded871c29779
soundalias,#hash_5ce5a1d33ac055f5
soundalias,#hash_5d4e7fb219f549c4
soundalias,#hash_5e6c6fe38f11ed65
soundalias,#hash_5ededd49857aee1c
soundalias,#hash_5efc5f9102636233
soundalias,#hash_5f07c850bd480725
soundalias,#vox_tvoi_tutor_ruin_final_2_comp
soundalias,#hash_5fbc57fe7327e948
soundalias,#hash_60363e606c7cc6bc
soundalias,#hash_60aa34fc6ea42b7b
soundalias,#fly_step_shells
soundalias,#hash_60ba48fbfec52444
soundalias,#hash_60c935d4c50a3d7d
soundalias,#hash_60ccc1f7dc41e9e6
soundalias,#hash_6102a40ee67a618c
soundalias,#hash_62087f4f3f5af448
soundalias,#hash_6237abae59de3cd8
soundalias,#hash_6237aeae59de41f1
soundalias,#hash_62ff8bc7bbe0477b
soundalias,#hash_631f3e0d7b9b9359
soundalias,#hash_633ce1c4d50c2315
soundalias,#hash_635e1ca0bd54617a
soundalias,#hash_63a4dfd239ac8361
soundalias,#hash_63bcf282cc7317c1
soundalias,#hash_642770a6e291745c
soundalias,#hash_64b625ab8706f109
soundalias,#hash_657e8ed3dbc52ebe
soundalias,#hash_662cc921feebd61b
soundalias,#vox_tvoi_tutor_ruin_final_1_comp
soundalias,#exp_incindiary_large
soundalias,#hash_67adb4bc04b6108f
soundalias,#hash_67ba645b2ef8664f
soundalias,#hash_67e1b634a1e1c1ba
soundalias,#hash_6805b50b94d2e391
soundalias,#hash_6851c7ef18c99a2f
soundalias,#hash_68d360aa565ed76a
soundalias,#hash_6923605495bbfa1c
soundalias,#hash_6923615495bbfbcf
soundalias,#hash_6929a1852dd56590
soundalias,#hash_69a67072d9d5e504
soundalias,#hash_69f6a83806409e23
soundalias,#hash_69f9f3e122dbb898
soundalias,#dst_luggage
soundalias,#hash_6abe483482efa584
soundalias,#hash_6af616124249b8a3
soundalias,#fly_step_catwalk_metal
soundalias,#hash_6c5be5a0764e1e3c
soundalias,#hash_6d8aafa1505e7010
soundalias,#hash_6d957ed4a18fea24
soundalias,#hash_6def88eed3270d4a
soundalias,#hash_6f4e6b000c475a08
soundalias,#vox_tvoi_tutor_ruin_grapple_ground
soundalias,#hash_716f951c8cc4c681
soundalias,#hash_719f8422f355ac58
soundalias,#hash_71ff87696df2b488
soundalias,#hash_72725b98cf0834ac
soundalias,#hash_73601b890c77f89c
soundalias,#hash_743a500a2bfa3ce7
soundalias,#hash_74aeeb59d94a469d
soundalias,#hash_74e402a327e30de0
soundalias,#hash_7586d87866559914
soundalias,#hash_76a4d8d4116c4237
soundalias,#hash_76b49dc84578b31d
soundalias,#hash_77198e0d2cb17d98
soundalias,#hash_772e5e60d6a5e4e1
soundalias,#hash_774ca74e335d9157
soundalias,#hash_778c546d4bf1f13d
soundalias,#hash_77a39cb220d8ab15
soundalias,#hash_77acef2ebeab25a9
soundalias,#hash_77ae18c6b0d66864
soundalias,#hash_77ae1ec6b0d67296
soundalias,#hash_7809ea482909306c
soundalias,#hash_7812f8bd545946f7
soundalias,#hash_78e39172a0f9395d
soundalias,#hash_78ea3de9255fb546
soundalias,#pfx_exhaust
soundalias,#hash_79e7070c3130f4a9
soundalias,#vox_tvoi_tutor_ruin_final_2_score_dead
soundalias,#hash_7a01a2836b20e603
soundalias,#hash_7a62506c990443a7
soundalias,#hash_7ac5fa6568de2461
soundalias,#hash_7b03a9cee3b85887
soundalias,#hash_7b0cc91c8136ee38
soundalias,#hash_7b57908242cf03b1
soundalias,#hash_7c29b9d5d359f7a3
soundalias,#hash_7ccc879d1043ab94
soundalias,#hash_7dc76995cdc290c5
soundalias,#vox_tvoi_tutor_ruin_final_2_score_3
soundalias,#hash_7dd0ae32ca1dfdd3
soundalias,#vox_tvoi_tutor_ruin_final_2_score_1
soundalias,#vox_tvoi_tutor_ruin_final_2_score_0
soundalias,#hash_7e17e533381a8506
soundalias,#hash_7e4f395a02d8ed35
soundalias,#hash_7eb51f1a0028ab28
soundalias,#hash_7ef1f2f4e7038740
soundalias,#hash_7f118ea3a4874268
soundalias,#hash_7f4e46b0b7809020
soundalias,#hash_7fb29d7f33d75e5e
soundalias,#hash_7fc26c598d080448
soundalias,#hash_7fe19ceed35907ce
client_fx,#ui/fx_dom_cap_indicator_team_r90
client_fx,#dirt/fx8_dust_fall_crumble_rattle
client_fx,#hash_1008bbbc9ba91883
client_fx,#destruct/fx_dest_window_glass_edge
client_fx,#ui/fx_dom_cap_indicator_neutral_r120
client_fx,#ui/fx_dom_marker_neutral_r120
client_fx,#ui/fx_dom_marker_team_r90
client_fx,#ui/fx_dom_cap_indicator_team_r120
client_fx,#hash_4d885739142015b7
client_fx,#hash_55dfddfc63c9d556
client_fx,#ui/fx_dom_marker_neutral_r90
client_fx,#ui/fx_dom_marker_team_r120
client_fx,#hash_67a4679378e51bf7
client_fx,#ui/fx_dom_cap_indicator_neutral_r90